# As_1e9 ns H0 omegab omegam LSST_DZ_S1 LSST_DZ_S2 LSST_DZ_S3 LSST_DZ_S4 LSST_DZ_S5 LSST_A1_1 LSST_A1_2 LSST_M1 LSST_M2 LSST_M3 LSST_M4 LSST_M5 LSST_BARYON_Q1 LSST_BARYON_Q2 LSST_BARYON_Q3
1.682642550428335992e-01 1.805318414003733579e-02 -2.648273369106689756e+00 -1.364055165653822775e-03 -1.235104276549463991e-03 1.523387191626324105e-05 3.713886361905950547e-06 1.121394008838204749e-05 2.346986003358431523e-05 -2.669963712392697022e-05 -6.949666256991316425e-03 -5.047900401229327844e-02 3.291236627462420952e-05 4.234607540164691907e-05 2.992087932350399960e-05 2.846197568382187646e-05 -2.808205892701660131e-04 1.411030707801234962e+00 8.164225779383144088e-02 5.209653494634996357e-02
1.805318414003733579e-02 3.087483928712325600e-03 -2.337644875959749846e-01 2.803319348922422990e-05 -7.512455455556396665e-05 3.786135302582906473e-07 -4.808605329256616427e-07 9.532788674903724034e-07 1.005369507380856474e-06 -1.042687913733541201e-06 -2.186935606109708958e-04 -2.287722437629331491e-03 1.851782788567485424e-06 1.365250382879097468e-06 2.899561736452182453e-06 3.136995070453771964e-06 -1.059966422866425485e-05 3.334915686343844499e-01 3.601124542532825601e-02 -1.245665091722043989e-03
-2.648273369106689756e+00 -2.337644875959749846e-01 8.396571016403419208e+01 5.473291123857867979e-02 -5.321322170774617916e-02 2.098650849485592248e-04 1.355505618577155331e-04 6.381100249346821412e-04 4.033557507716334367e-04 -4.912489084963901067e-04 -4.002429581652754143e-02 -6.883034818233004781e-01 5.186598230787292868e-04 8.327316288614458476e-04 2.652905845859669740e-03 1.780867518586743423e-03 -5.366938620128183096e-03 7.455275771555483821e+00 9.811018298753474198e+00 -2.051904213579744951e+00
-1.364055165653822775e-03 2.803319348922422990e-05 5.473291123857867979e-02 1.102822131449297783e-04 4.651041972751569688e-05 -2.385477335656593594e-07 -3.121364415370018899e-07 -5.342990451098352287e-07 -3.460396409417286480e-07 5.790805561692561086e-07 5.655079903777263941e-05 5.465452296549241527e-04 -5.521690181374963554e-07 -9.978892991972545402e-07 -1.677448988639922444e-06 -1.017045198914542548e-06 5.022580205018212130e-06 1.135629298589649165e-02 -2.384280298788924064e-03 3.458945502924638918e-05
-1.235104276549463991e-03 -7.512455455556396665e-05 -5.321322170774617916e-02 4.651041972751569688e-05 2.762486239494673312e-04 -1.691607970069069329e-06 -1.000210319997544376e-06 -3.211973690425889833e-06 -2.754372233114400919e-06 3.044396900445495498e-06 4.748565530228906735e-04 4.884026645289515044e-03 -3.702107933377478507e-06 -5.791369522348680607e-06 -1.228077997014575763e-05 -8.968704131676244050e-06 3.176812893970076563e-05 -6.474925685343255188e-02 -3.344183698889859752e-02 3.455481494794172478e-03
1.523387191626324105e-05 3.786135302582906473e-07 2.098650849485592248e-04 -2.385477335656593594e-07 -1.691607970069069329e-06 3.738931466734028913e-06 2.746600676626056353e-07 -3.873654803090747080e-08 -6.355290509540952603e-08 3.498910635433282481e-08 -6.732288594861993908e-06 -3.767109472285724782e-04 -3.988873252714125220e-07 3.856709163815111827e-07 2.038005426816981966e-07 9.309107835395455587e-08 -2.996706077323580411e-07 2.103796599310577844e-04 9.818232928997335689e-05 -9.506830652338477746e-06
3.713886361905950547e-06 -4.808605329256616427e-07 1.355505618577155331e-04 -3.121364415370018899e-07 -1.000210319997544376e-06 2.746600676626056353e-07 3.307681352281822490e-06 2.774620820898996099e-07 1.674845519501822966e-07 -4.988106926054073758e-08 1.733290261347942462e-05 1.688937614294855815e-04 2.588715271547976220e-07 -1.200022492904662536e-06 5.715833757085056858e-07 4.288397069165138551e-07 -7.041228902155887938e-08 6.502074591275395121e-05 -1.478788296831548576e-04 1.447774332210371550e-04
1.121394008838204749e-05 9.532788674903724034e-07 6.381100249346821412e-04 -5.342990451098352287e-07 -3.211973690425889833e-06 -3.873654803090747080e-08 2.774620820898996099e-07 3.549220981698380384e-06 2.282003573372672014e-07 3.215936348479618911e-09 5.025282227437512835e-06 1.154244435394094628e-04 3.412644451057872193e-08 4.712917779562594547e-07 -1.370389576518740263e-06 6.880802173642474054e-07 1.440112187391302158e-07 7.753298400766098957e-04 2.973425974748150928e-04 1.437673722559589929e-05
2.346986003358431523e-05 1.005369507380856474e-06 4.033557507716334367e-04 -3.460396409417286480e-07 -2.754372233114400919e-06 -6.355290509540952603e-08 1.674845519501822966e-07 2.282003573372672014e-07 3.615120780069911888e-06 7.330139603157369199e-08 1.148757577033430560e-06 5.669183094105510902e-05 -1.020800124041780557e-10 2.724776769801523300e-07 6.019440257752780779e-07 -1.271735294923467036e-06 4.005728624758176334e-07 6.252380003643608509e-04 3.344006043085224903e-04 -4.209356634290589976e-05
-2.669963712392697022e-05 -1.042687913733541201e-06 -4.912489084963901067e-04 5.790805561692561086e-07 3.044396900445495498e-06 3.498910635433282481e-08 -4.988106926054073758e-08 3.215936348479618911e-09 7.330139603157369199e-08 3.980939468035061122e-06 -4.671154091953116908e-06 -5.835309771981931238e-05 -2.397041688222525956e-08 -7.400106709106704686e-08 6.454163360384481374e-08 2.667874381951299669e-07 -1.856939551938488010e-07 -9.892752940642848217e-04 -4.519146162730291192e-04 -2.488437595288497085e-05
-6.949666256991316425e-03 -2.186935606109708958e-04 -4.002429581652754143e-02 5.655079903777263941e-05 4.748565530228906735e-04 -6.732288594861993908e-06 1.733290261347942462e-05 5.025282227437512835e-06 1.148757577033430560e-06 -4.671154091953116908e-06 5.912825150538797599e-03 4.774709791684485921e-02 -1.924104254836547339e-05 -7.461051017199882094e-06 -2.084179535506123653e-05 -2.617677672941659919e-05 7.692414520427202484e-05 -1.172058271462744355e-01 -6.011885928024065379e-02 -8.779692321352094205e-04
-5.047900401229327844e-02 -2.287722437629331491e-03 -6.883034818233004781e-01 5.465452296549241527e-04 4.884026645289515044e-03 -3.767109472285724782e-04 1.688937614294855815e-04 1.154244435394094628e-04 5.669183094105510902e-05 -5.835309771981931238e-05 4.774709791684485921e-02 5.863892771020892125e-01 -3.360092945766008656e-04 8.002396381832779044e-05 -2.970098609983621335e-05 -1.569561582937014223e-04 4.978569529300525464e-04 -1.258455550213256835e+00 -7.874872639317954670e-01 1.083324294195402993e-01
3.291236627462420952e-05 1.851782788567485424e-06 5.186598230787292868e-04 -5.521690181374963554e-07 -3.702107933377478507e-06 -3.988873252714125220e-07 2.588715271547976220e-07 3.412644451057872193e-08 -1.020800124041780557e-10 -2.397041688222525956e-08 -1.924104254836547339e-05 -3.360092945766008656e-04 2.425772338258232517e-05 6.285695821871306369e-07 4.988404023391438538e-07 2.798415784031662456e-07 -6.230667802747233832e-07 8.051497076490096065e-04 2.805313966786350771e-04 1.960406667832684512e-05
4.234607540164691907e-05 1.365250382879097468e-06 8.327316288614458476e-04 -9.978892991972545402e-07 -5.791369522348680607e-06 3.856709163815111827e-07 -1.200022492904662536e-06 4.712917779562594547e-07 2.724776769801523300e-07 -7.400106709106704686e-08 -7.461051017199882094e-06 8.002396381832779044e-05 6.285695821871306369e-07 2.175396214946900746e-05 1.750949637770169365e-06 1.326733579664123258e-06 -5.354878363203688489e-07 1.016264682094620599e-03 2.759373478662992268e-05 3.273143444623431340e-04
2.992087932350399960e-05 2.899561736452182453e-06 2.652905845859669740e-03 -1.677448988639922444e-06 -1.228077997014575763e-05 2.038005426816981966e-07 5.715833757085056858e-07 -1.370389576518740263e-06 6.019440257752780779e-07 6.454163360384481374e-08 -2.084179535506123653e-05 -2.970098609983621335e-05 4.988404023391438538e-07 1.750949637770169365e-06 1.825373054493772146e-05 3.031460812354705472e-06 1.371591930231859045e-06 2.682318203425999512e-03 1.020575400888274527e-03 1.422551456145034051e-04
2.846197568382187646e-05 3.136995070453771964e-06 1.780867518586743423e-03 -1.017045198914542548e-06 -8.968704131676244050e-06 9.309107835395455587e-08 4.288397069165138551e-07 6.880802173642474054e-07 -1.271735294923467036e-06 2.667874381951299669e-07 -2.617677672941659919e-05 -1.569561582937014223e-04 2.798415784031662456e-07 1.326733579664123258e-06 3.031460812354705472e-06 1.662810062307632563e-05 3.918846465327716158e-06 2.098925880891438101e-03 1.029963920277767462e-03 -1.131186531682660526e-04
-2.808205892701660131e-04 -1.059966422866425485e-05 -5.366938620128183096e-03 5.022580205018212130e-06 3.176812893970076563e-05 -2.996706077323580411e-07 -7.041228902155887938e-08 1.440112187391302158e-07 4.005728624758176334e-07 -1.856939551938488010e-07 7.692414520427202484e-05 4.978569529300525464e-04 -6.230667802747233832e-07 -5.354878363203688489e-07 1.371591930231859045e-06 3.918846465327716158e-06 2.090573740198888391e-05 -8.970359982405284524e-03 -3.786598194292894667e-03 -4.926592660788942698e-04
1.411030707801234962e+00 3.334915686343844499e-01 7.455275771555483821e+00 1.135629298589649165e-02 -6.474925685343255188e-02 2.103796599310577844e-04 6.502074591275395121e-05 7.753298400766098957e-04 6.252380003643608509e-04 -9.892752940642848217e-04 -1.172058271462744355e-01 -1.258455550213256835e+00 8.051497076490096065e-04 1.016264682094620599e-03 2.682318203425999512e-03 2.098925880891438101e-03 -8.970359982405284524e-03 6.553356042806265691e+01 1.782238669132668463e+01 -2.523906085744268335e+00
8.164225779383144088e-02 3.601124542532825601e-02 9.811018298753474198e+00 -2.384280298788924064e-03 -3.344183698889859752e-02 9.818232928997335689e-05 -1.478788296831548576e-04 2.973425974748150928e-04 3.344006043085224903e-04 -4.519146162730291192e-04 -6.011885928024065379e-02 -7.874872639317954670e-01 2.805313966786350771e-04 2.759373478662992268e-05 1.020575400888274527e-03 1.029963920277767462e-03 -3.786598194292894667e-03 1.782238669132668463e+01 9.054934918358291895e+00 -1.389584633074304687e+00
5.209653494634996357e-02 -1.245665091722043989e-03 -2.051904213579744951e+00 3.458945502924638918e-05 3.455481494794172478e-03 -9.506830652338477746e-06 1.447774332210371550e-04 1.437673722559589929e-05 -4.209356634290589976e-05 -2.488437595288497085e-05 -8.779692321352094205e-04 1.083324294195402993e-01 1.960406667832684512e-05 3.273143444623431340e-04 1.422551456145034051e-04 -1.131186531682660526e-04 -4.926592660788942698e-04 -2.523906085744268335e+00 -1.389584633074304687e+00 1.373303913819734934e+00
